function varargout = colormap_ImageMagick(varargin)
%
% colormap_ImageMagick: Generate colormap.
%
% Usage: cMap=colormap_ImageMagick(colorname)
%

% Major ChangeLog:
%   2009-01-09 Wei Zhang
%     * Added help information, but uncomplete.

%%%%%%%%%%%%%%%%%%%%%%%%%%%%%%%%%%%%%%%%%%%%%%%%%%%%%%%%%%%
%
% $Date$
% $Revision$
% $LastChangedBy$
%
%%%%%%%%%%%%%%%%%%%%%%%%%%%%%%%%%%%%%%%%%%%%%%%%%%%%%%%%%%%

C.snow=[255,250,250];   %FFFAFA
C.snow1=[255,250,250];   %FFFAFA
C.snow2=[238,233,233];   %EEE9E9
C.RosyBrown1=[255,193,193];   %FFC1C1
C.RosyBrown2=[238,180,180];   %EEB4B4
C.snow3=[205,201,201];   %CDC9C9
C.LightCoral=[240,128,128];   %F08080
C.IndianRed1=[255,106,106];   %FF6A6A
C.RosyBrown3=[205,155,155];   %CD9B9B
C.IndianRed2=[238,99,99];   %EE6363
C.RosyBrown=[188,143,143];   %BC8F8F
C.brown1=[255,64,64];   %FF4040
C.firebrick1=[255,48,48];   %FF3030
C.brown2=[238,59,59];   %EE3B3B
C.IndianRed=[205,92,92];   %CD5C5C
C.IndianRed3=[205,85,85];   %CD5555
C.firebrick2=[238,44,44];   %EE2C2C
C.snow4=[139,137,137];   %8B8989
C.brown3=[205,51,51];   %CD3333
C.red=[255,0,0];   %FF0000
C.red1=[255,0,0];   %FF0000
C.RosyBrown4=[139,105,105];   %8B6969
C.firebrick3=[205,38,38];   %CD2626
C.red2=[238,0,0];   %EE0000
C.firebrick=[178,34,34];   %B22222
C.brown=[165,42,42];   %A52A2A
C.red3=[205,0,0];   %CD0000
C.IndianRed4=[139,58,58];   %8B3A3A
C.brown4=[139,35,35];   %8B2323
C.firebrick4=[139,26,26];   %8B1A1A
C.DarkRed=[139,0,0];   %8B0000
C.red4=[139,0,0];   %8B0000
C.maroon=[128,0,0];   %800000
C.LightPink1=[255,174,185];   %FFAEB9
C.LightPink3=[205,140,149];   %CD8C95
C.LightPink4=[139,95,101];   %8B5F65
C.LightPink2=[238,162,173];   %EEA2AD
C.LightPink=[255,182,193];   %FFB6C1
C.pink=[255,192,203];   %FFC0CB
C.crimson=[220,20,60];   %DC143C
C.pink1=[255,181,197];   %FFB5C5
C.pink2=[238,169,184];   %EEA9B8
C.pink3=[205,145,158];   %CD919E
C.pink4=[139,99,108];   %8B636C
C.PaleVioletRed4=[139,71,93];   %8B475D
C.PaleVioletRed=[219,112,147];   %DB7093
C.PaleVioletRed2=[238,121,159];   %EE799F
C.PaleVioletRed1=[255,130,171];   %FF82AB
C.PaleVioletRed3=[205,104,137];   %CD6889
C.LavenderBlush=[255,240,245];   %FFF0F5
C.LavenderBlush1=[255,240,245];   %FFF0F5
C.LavenderBlush3=[205,193,197];   %CDC1C5
C.LavenderBlush2=[238,224,229];   %EEE0E5
C.LavenderBlush4=[139,131,134];   %8B8386
C.maroon=[176,48,96];   %B03060
C.HotPink3=[205,96,144];   %CD6090
C.VioletRed3=[205,50,120];   %CD3278
C.VioletRed1=[255,62,150];   %FF3E96
C.VioletRed2=[238,58,140];   %EE3A8C
C.VioletRed4=[139,34,82];   %8B2252
C.HotPink2=[238,106,167];   %EE6AA7
C.HotPink1=[255,110,180];   %FF6EB4
C.HotPink4=[139,58,98];   %8B3A62
C.HotPink=[255,105,180];   %FF69B4
C.DeepPink=[255,20,147];   %FF1493
C.DeepPink1=[255,20,147];   %FF1493
C.DeepPink2=[238,18,137];   %EE1289
C.DeepPink3=[205,16,118];   %CD1076
C.DeepPink4=[139,10,80];   %8B0A50
C.maroon1=[255,52,179];   %FF34B3
C.maroon2=[238,48,167];   %EE30A7
C.maroon3=[205,41,144];   %CD2990
C.maroon4=[139,28,98];   %8B1C62
C.MediumVioletRed=[199,21,133];   %C71585
C.VioletRed=[208,32,144];   %D02090
C.orchid2=[238,122,233];   %EE7AE9
C.orchid=[218,112,214];   %DA70D6
C.orchid1=[255,131,250];   %FF83FA
C.orchid3=[205,105,201];   %CD69C9
C.orchid4=[139,71,137];   %8B4789
C.thistle1=[255,225,255];   %FFE1FF
C.thistle2=[238,210,238];   %EED2EE
C.plum1=[255,187,255];   %FFBBFF
C.plum2=[238,174,238];   %EEAEEE
C.thistle=[216,191,216];   %D8BFD8
C.thistle3=[205,181,205];   %CDB5CD
C.plum=[221,160,221];   %DDA0DD
C.violet=[238,130,238];   %EE82EE
C.plum3=[205,150,205];   %CD96CD
C.thistle4=[139,123,139];   %8B7B8B
C.fuchsia=[255,0,255];   %FF00FF
C.magenta=[255,0,255];   %FF00FF
C.magenta1=[255,0,255];   %FF00FF
C.plum4=[139,102,139];   %8B668B
C.magenta2=[238,0,238];   %EE00EE
C.magenta3=[205,0,205];   %CD00CD
C.DarkMagenta=[139,0,139];   %8B008B
C.magenta4=[139,0,139];   %8B008B
C.purple=[128,0,128];   %800080
C.MediumOrchid=[186,85,211];   %BA55D3
C.MediumOrchid1=[224,102,255];   %E066FF
C.MediumOrchid2=[209,95,238];   %D15FEE
C.MediumOrchid3=[180,82,205];   %B452CD
C.MediumOrchid4=[122,55,139];   %7A378B
C.DarkViolet=[148,0,211];   %9400D3
C.DarkOrchid=[153,50,204];   %9932CC
C.DarkOrchid1=[191,62,255];   %BF3EFF
C.DarkOrchid3=[154,50,205];   %9A32CD
C.DarkOrchid2=[178,58,238];   %B23AEE
C.DarkOrchid4=[104,34,139];   %68228B
C.purple=[160,32,240];   %A020F0
C.indigo=[75,0,130];   %4B0082
C.BlueViolet=[138,43,226];   %8A2BE2
C.purple2=[145,44,238];   %912CEE
C.purple3=[125,38,205];   %7D26CD
C.purple4=[85,26,139];   %551A8B
C.purple1=[155,48,255];   %9B30FF
C.MediumPurple=[147,112,219];   %9370DB
C.MediumPurple1=[171,130,255];   %AB82FF
C.MediumPurple2=[159,121,238];   %9F79EE
C.MediumPurple3=[137,104,205];   %8968CD
C.MediumPurple4=[93,71,139];   %5D478B
C.DarkSlateBlue=[72,61,139];   %483D8B
C.LightSlateBlue=[132,112,255];   %8470FF
C.MediumSlateBlue=[123,104,238];   %7B68EE
C.SlateBlue=[106,90,205];   %6A5ACD
C.SlateBlue1=[131,111,255];   %836FFF
C.SlateBlue2=[122,103,238];   %7A67EE
C.SlateBlue3=[105,89,205];   %6959CD
C.SlateBlue4=[71,60,139];   %473C8B
C.GhostWhite=[248,248,255];   %F8F8FF
C.lavender=[230,230,250];   %E6E6FA
C.blue=[0,0,255];   %0000FF
C.blue1=[0,0,255];   %0000FF
C.blue2=[0,0,238];   %0000EE
C.blue3=[0,0,205];   %0000CD
C.MediumBlue=[0,0,205];   %0000CD
C.blue4=[0,0,139];   %00008B
C.DarkBlue=[0,0,139];   %00008B
C.MidnightBlue=[25,25,112];   %191970
C.navy=[0,0,128];   %000080
C.NavyBlue=[0,0,128];   %000080
C.RoyalBlue=[65,105,225];   %4169E1
C.RoyalBlue1=[72,118,255];   %4876FF
C.RoyalBlue2=[67,110,238];   %436EEE
C.RoyalBlue3=[58,95,205];   %3A5FCD
C.RoyalBlue4=[39,64,139];   %27408B
C.CornflowerBlue=[100,149,237];   %6495ED
C.LightSteelBlue=[176,196,222];   %B0C4DE
C.LightSteelBlue1=[202,225,255];   %CAE1FF
C.LightSteelBlue2=[188,210,238];   %BCD2EE
C.LightSteelBlue3=[162,181,205];   %A2B5CD
C.LightSteelBlue4=[110,123,139];   %6E7B8B
C.SlateGray4=[108,123,139];   %6C7B8B
C.SlateGray1=[198,226,255];   %C6E2FF
C.SlateGray2=[185,211,238];   %B9D3EE
C.SlateGray3=[159,182,205];   %9FB6CD
C.LightSlateGray=[119,136,153];   %778899
C.LightSlateGrey=[119,136,153];   %778899
C.SlateGray=[112,128,144];   %708090
C.SlateGrey=[112,128,144];   %708090
C.DodgerBlue=[30,144,255];   %1E90FF
C.DodgerBlue1=[30,144,255];   %1E90FF
C.DodgerBlue2=[28,134,238];   %1C86EE
C.DodgerBlue4=[16,78,139];   %104E8B
C.DodgerBlue3=[24,116,205];   %1874CD
C.AliceBlue=[240,248,255];   %F0F8FF
C.SteelBlue4=[54,100,139];   %36648B
C.SteelBlue=[70,130,180];   %4682B4
C.SteelBlue1=[99,184,255];   %63B8FF
C.SteelBlue2=[92,172,238];   %5CACEE
C.SteelBlue3=[79,148,205];   %4F94CD
C.SkyBlue4=[74,112,139];   %4A708B
C.SkyBlue1=[135,206,255];   %87CEFF
C.SkyBlue2=[126,192,238];   %7EC0EE
C.SkyBlue3=[108,166,205];   %6CA6CD
C.LightSkyBlue=[135,206,250];   %87CEFA
C.LightSkyBlue4=[96,123,139];   %607B8B
C.LightSkyBlue1=[176,226,255];   %B0E2FF
C.LightSkyBlue2=[164,211,238];   %A4D3EE
C.LightSkyBlue3=[141,182,205];   %8DB6CD
C.SkyBlue=[135,206,235];   %87CEEB
C.LightBlue3=[154,192,205];   %9AC0CD
C.DeepSkyBlue=[0,191,255];   %00BFFF
C.DeepSkyBlue1=[0,191,255];   %00BFFF
C.DeepSkyBlue2=[0,178,238];   %00B2EE
C.DeepSkyBlue4=[0,104,139];   %00688B
C.DeepSkyBlue3=[0,154,205];   %009ACD
C.LightBlue1=[191,239,255];   %BFEFFF
C.LightBlue2=[178,223,238];   %B2DFEE
C.LightBlue=[173,216,230];   %ADD8E6
C.LightBlue4=[104,131,139];   %68838B
C.PowderBlue=[176,224,230];   %B0E0E6
C.CadetBlue1=[152,245,255];   %98F5FF
C.CadetBlue2=[142,229,238];   %8EE5EE
C.CadetBlue3=[122,197,205];   %7AC5CD
C.CadetBlue4=[83,134,139];   %53868B
C.turquoise1=[0,245,255];   %00F5FF
C.turquoise2=[0,229,238];   %00E5EE
C.turquoise3=[0,197,205];   %00C5CD
C.turquoise4=[0,134,139];   %00868B
%C.cadet=bluergb[95,158,160];
C.CadetBlue=[95,158,160];   %5F9EA0
C.DarkTurquoise=[0,206,209];   %00CED1
C.azure=[240,255,255];   %F0FFFF
C.azure1=[240,255,255];   %F0FFFF
C.LightCyan=[224,255,255];   %E0FFFF
C.LightCyan1=[224,255,255];   %E0FFFF
C.azure2=[224,238,238];   %E0EEEE
